6412|0|ทั่วประเทศ|0| |0| |0| |32,339,118|33,832,321|66,171,439|27,708,635|
6412|10|กรุงเทพมหานคร|0| |0| |0| |2,592,292|2,935,702|5,527,994|3,147,231|
6412|11|จังหวัดสมุทรปราการ |0| |0| |0| |645,884|710,565|1,356,449|733,185|
6412|12|จังหวัดนนทบุรี |0| |0| |0| |599,167|689,470|1,288,637|728,953|
6412|13|จังหวัดปทุมธานี |0| |0| |0| |563,851|626,209|1,190,060|660,020|
6412|14|จังหวัดพระนครศรีอยุธยา |0| |0| |0| |394,024|426,488|820,512|342,753|
6412|15|จังหวัดอ่างทอง |0| |0| |0| |131,399|143,364|274,763|102,684|
6412|16|จังหวัดลพบุรี |0| |0| |0| |368,733|370,740|739,473|303,565|
6412|17|จังหวัดสิงห์บุรี |0| |0| |0| |97,144|107,382|204,526|79,494|
6412|18|จังหวัดชัยนาท |0| |0| |0| |153,962|166,470|320,432|128,284|
6412|19|จังหวัดสระบุรี |0| |0| |0| |316,201|327,762|643,963|288,275|
6412|20|จังหวัดชลบุรี |0| |0| |0| |772,463|811,209|1,583,672|1,092,000|
6412|21|จังหวัดระยอง |0| |0| |0| |368,992|382,351|751,343|524,479|
6412|22|จังหวัดจันทบุรี |0| |0| |0| |262,257|274,300|536,557|248,074|
6412|23|จังหวัดตราด |0| |0| |0| |112,941|115,435|228,376|109,890|
6412|24|จังหวัดฉะเชิงเทรา |0| |0| |0| |354,834|369,344|724,178|321,929|
6412|25|จังหวัดปราจีนบุรี |0| |0| |0| |244,642|250,683|495,325|225,949|
6412|26|จังหวัดนครนายก |0| |0| |0| |128,854|131,579|260,433|104,249|
6412|27|จังหวัดสระแก้ว |0| |0| |0| |280,673|281,319|561,992|221,802|
6412|30|จังหวัดนครราชสีมา |0| |0| |0| |1,293,783|1,340,371|2,634,154|1,024,002|
6412|31|จังหวัดบุรีรัมย์ |0| |0| |0| |783,531|796,274|1,579,805|483,349|
6412|32|จังหวัดสุรินทร์ |0| |0| |0| |684,354|691,876|1,376,230|410,088|
6412|33|จังหวัดศรีสะเกษ |0| |0| |0| |725,426|732,130|1,457,556|405,275|
6412|34|จังหวัดอุบลราชธานี |0| |0| |0| |932,466|936,053|1,868,519|629,504|
6412|35|จังหวัดยโสธร |0| |0| |0| |265,945|267,449|533,394|179,229|
6412|36|จังหวัดชัยภูมิ |0| |0| |0| |554,299|567,966|1,122,265|406,943|
6412|37|จังหวัดอำนาจเจริญ |0| |0| |0| |187,122|189,228|376,350|122,801|
6412|38|จังหวัดบึงกาฬ |0| |0| |0| |211,494|210,501|421,995|140,512|
6412|39|จังหวัดหนองบัวลำภู |0| |0| |0| |253,757|255,244|509,001|154,912|
6412|40|จังหวัดขอนแก่น |0| |0| |0| |879,849|911,014|1,790,863|654,344|
6412|41|จังหวัดอุดรธานี |0| |0| |0| |775,357|791,153|1,566,510|538,277|
6412|42|จังหวัดเลย |0| |0| |0| |319,949|318,783|638,732|230,763|
6412|43|จังหวัดหนองคาย |0| |0| |0| |256,268|260,575|516,843|181,752|
6412|44|จังหวัดมหาสารคาม |0| |0| |0| |464,976|483,334|948,310|308,947|
6412|45|จังหวัดร้อยเอ็ด |0| |0| |0| |641,883|654,130|1,296,013|400,811|
6412|46|จังหวัดกาฬสินธุ์ |0| |0| |0| |481,988|493,582|975,570|316,604|
6412|47|จังหวัดสกลนคร |0| |0| |0| |569,364|576,922|1,146,286|396,177|
6412|48|จังหวัดนครพนม |0| |0| |0| |357,096|359,944|717,040|235,673|
6412|49|จังหวัดมุกดาหาร |0| |0| |0| |175,633|175,851|351,484|119,972|
6412|50|จังหวัดเชียงใหม่ |0| |0| |0| |864,364|925,021|1,789,385|852,520|
6412|51|จังหวัดลำพูน |0| |0| |0| |192,712|208,427|401,139|185,253|
6412|52|จังหวัดลำปาง |0| |0| |0| |352,894|371,784|724,678|298,848|
6412|53|จังหวัดอุตรดิตถ์ |0| |0| |0| |217,413|228,735|446,148|174,440|
6412|54|จังหวัดแพร่ |0| |0| |0| |209,403|225,177|434,580|180,833|
6412|55|จังหวัดน่าน |0| |0| |0| |237,959|237,916|475,875|173,216|
6412|56|จังหวัดพะเยา |0| |0| |0| |225,943|238,562|464,505|197,593|
6412|57|จังหวัดเชียงราย |0| |0| |0| |630,868|667,557|1,298,425|569,461|
6412|58|จังหวัดแม่ฮ่องสอน |0| |0| |0| |144,811|141,105|285,916|117,497|
6412|60|จังหวัดนครสวรรค์ |0| |0| |0| |504,657|530,371|1,035,028|426,048|
6412|61|จังหวัดอุทัยธานี |0| |0| |0| |158,926|166,190|325,116|127,506|
6412|62|จังหวัดกำแพงเพชร |0| |0| |0| |351,539|360,604|712,143|281,829|
6412|63|จังหวัดตาก |0| |0| |0| |341,966|334,617|676,583|228,736|
6412|64|จังหวัดสุโขทัย |0| |0| |0| |283,429|301,923|585,352|222,630|
6412|65|จังหวัดพิษณุโลก |0| |0| |0| |414,577|432,807|847,384|358,036|
6412|66|จังหวัดพิจิตร |0| |0| |0| |258,012|271,383|529,395|200,600|
6412|67|จังหวัดเพชรบูรณ์ |0| |0| |0| |482,234|496,138|978,372|368,998|
6412|70|จังหวัดราชบุรี |0| |0| |0| |421,921|446,360|868,281|332,214|
6412|71|จังหวัดกาญจนบุรี |0| |0| |0| |448,312|445,742|894,054|353,679|
6412|72|จังหวัดสุพรรณบุรี |0| |0| |0| |402,883|432,477|835,360|311,136|
6412|73|จังหวัดนครปฐม |0| |0| |0| |442,800|479,371|922,171|417,915|
6412|74|จังหวัดสมุทรสาคร |0| |0| |0| |282,683|304,106|586,789|302,618|
6412|75|จังหวัดสมุทรสงคราม |0| |0| |0| |91,101|99,741|190,842|73,940|
6412|76|จังหวัดเพชรบุรี |0| |0| |0| |232,927|249,948|482,875|224,570|
6412|77|จังหวัดประจวบคีรีขันธ์ |0| |0| |0| |274,049|279,122|553,171|276,936|
6412|80|จังหวัดนครศรีธรรมราช |0| |0| |0| |764,471|784,873|1,549,344|590,976|
6412|81|จังหวัดกระบี่ |0| |0| |0| |238,092|241,259|479,351|197,381|
6412|82|จังหวัดพังงา |0| |0| |0| |133,785|134,231|268,016|120,551|
6412|83|จังหวัดภูเก็ต |0| |0| |0| |197,874|220,911|418,785|277,112|
6412|84|จังหวัดสุราษฎร์ธานี |0| |0| |0| |527,349|545,115|1,072,464|521,265|
6412|85|จังหวัดระนอง |0| |0| |0| |98,136|96,437|194,573|94,295|
6412|86|จังหวัดชุมพร |0| |0| |0| |251,405|258,074|509,479|244,176|
6412|90|จังหวัดสงขลา |0| |0| |0| |697,256|734,280|1,431,536|562,422|
6412|91|จังหวัดสตูล |0| |0| |0| |161,640|163,195|324,835|107,562|
6412|92|จังหวัดตรัง |0| |0| |0| |312,693|327,095|639,788|237,935|
6412|93|จังหวัดพัทลุง |0| |0| |0| |254,425|268,116|522,541|199,687|
6412|94|จังหวัดปัตตานี |0| |0| |0| |360,348|369,233|729,581|199,103|
6412|95|จังหวัดยะลา |0| |0| |0| |269,907|272,407|542,314|173,226|
6412|96|จังหวัดนราธิวาส |0| |0| |0| |400,501|409,159|809,660|223,141|
